1.0	2	10	8
89.296%

1.1	2	10	8
89.449%

1.2	2	10	8
89.646%

1.3	2	10	8
89.712%

1.4	2	10	8
89.807%

1.5	2	10	8
89.987%

1.6	2	10	8
89.955%

1.7	2	10	8
89.999%

1.8	2	10	8
90.147%

1.9	2	10	8
90.158%

2.0	2	10	8
90.210%

2.1	2	10	8
90.231%

2.2	2	10	8
90.290%

2.3	2	10	8
90.404%

2.4	2	10	8
90.400%

2.5	2	10	8
90.480%

2.6	2	10	8
90.476%

2.7	2	10	8
90.475%

2.8	2	10	8
90.440%

2.9	2	10	8
90.569%

3.0	2	10	8
90.639%

3.1	2	10	8
90.606%

3.2	2	10	8
90.629%

3.3	2	10	8
90.741%

3.4	2	10	8
90.687%

3.5	2	10	8
90.798%

3.6	2	10	8
90.894%

3.7	2	10	8
90.867%

3.8	2	10	8
90.885%

3.9	2	10	8
90.957%

4.0	2	10	8
90.920%

4.1	2	10	8
90.825%

4.2	2	10	8
90.801%

4.3	2	10	8
90.773%

4.4	2	10	8
90.840%

4.5	2	10	8
90.954%

4.6	2	10	8
90.887%

4.7	2	10	8
90.798%

4.8	2	10	8
90.805%

4.9	2	10	8
90.768%

5.0	2	10	8
90.759%

5.1	2	10	8
90.710%

5.2	2	10	8
90.603%

5.3	2	10	8
90.595%

5.4	2	10	8
90.609%

5.5	2	10	8
90.573%

5.6	2	10	8
90.516%

5.7	2	10	8
90.490%

5.8	2	10	8
90.500%

5.9	2	10	8
90.360%

6.0	2	10	8
90.190%

6.1	2	10	8
90.101%

6.2	2	10	8
89.892%

6.3	2	10	8
89.859%

6.4	2	10	8
89.702%

6.5	2	10	8
89.631%

6.6	2	10	8
89.676%

6.7	2	10	8
89.692%

6.8	2	10	8
89.648%

6.9	2	10	8
89.476%

7.0	2	10	8
89.387%

7.1	2	10	8
89.304%

7.2	2	10	8
89.178%

7.3	2	10	8
89.062%

7.4	2	10	8
89.103%

7.5	2	10	8
88.958%

7.6	2	10	8
88.851%

7.7	2	10	8
88.714%

7.8	2	10	8
88.603%

7.9	2	10	8
88.426%

8.0	2	10	8
88.226%

8.1	2	10	8
88.194%

8.2	2	10	8
87.996%

8.3	2	10	8
87.876%

8.4	2	10	8
87.595%

8.5	2	10	8
87.393%

8.6	2	10	8
87.315%

8.7	2	10	8
87.227%

8.8	2	10	8
87.238%

8.9	2	10	8
87.217%

9.0	2	10	8
86.918%

9.1	2	10	8
86.828%

9.2	2	10	8
86.716%

9.3	2	10	8
86.423%

9.4	2	10	8
86.336%

9.5	2	10	8
86.106%

9.6	2	10	8
85.956%

9.7	2	10	8
85.675%

9.8	2	10	8
85.581%

9.9	2	10	8
85.308%

10.0	2	10	8
85.064%

